-1 -1 -1 -1 -1 -1 -1 -1 -1 -1 -1 -1 -1 -1 -1 -1 -1 -1 -1 -1 -1 -1 -1 -1 -1
-1 -1  3  3  3  3  3  3  3  3  3  3  3  3  3  3  3  3  3  3  3  3  3  3 -1
-1  2 -1 -1  2 -1 -1 -1 -1  2 -1 -1 -1 -1 -1 -1  2 -1 -1  2 -1 -1 -1  2 -1
-1  2 -1 -1  2 -1 -1 -1 -1  2 -1 -1 -1 -1 -1 -1  2 -1 -1  2 -1 -1 -1  2 -1
-1  2 -1 -1  2 -1 -1 -1 -1  2 -1 -1 -1 -1 -1 -1  2 -1 -1  2 -1 -1 -1  2 -1
-1  2 -1 -1 -1 -1 -1 -1 -1  2 -1 17  3  3  3 -1  2 -1 -1  2 -1 -1 -1  2 -1
-1  2 -1 -1 17  3  3  3 -1  2 -1  2 -1 -1 -1 -1  2 -1 -1  2 -1 -1 -1  2 -1
-1  2 -1 -1  2 -1 -1 -1 -1  2 -1  2 -1 -1 -1 -1 -1 -1 -1  2 -1 -1 -1  2 -1
-1  2 -1 -1  2 -1 -1 17  3  4 -1  2 -1 -1 17  3  4  3  3  4 -1 -1 -1  2 -1
-1  2 -1 -1  2 -1 -1  2 -1 -1 -1  2 -1 -1 -1 -1 -1 -1 -1 -1 -1 -1 -1  2 -1
-1  2 -1 -1  2 -1 -1 -1 -1 -1 -1  2  3  3  3  3 -1  3  3  3  3  3  3  4 -1
-1  2  3  3  4  3  3  3  3  3 -1  2 -1 -1 -1 -1 -1 -1 -1 -1 -1 -1 -1  2 -1
-1  2 -1 -1  2 -1 -1  2 -1  2 -1 -1 -1 -1 -1 17  3  3  3  3  3  3 -1  2 -1
-1  2 -1 -1  2 -1 17  4 -1  2 -1 17 -1 17  3  4 -1 -1 -1 -1 -1  2 -1  2 -1
-1  2 -1 -1  2 -1 -1 -1 -1  2 -1  2 -1 -1 -1  2 -1 17  3  3 -1  2 -1  2 -1
-1  2 -1 -1  2 -1 -1 -1 -1 -1 -1  2 -1 -1 -1  2 -1 -1 -1  2 -1  2 -1  2 -1
-1  2  3 -1  2  3  3  3  3  3  3  4  3  3  3  4 -1 -1 -1  2 -1 -1 -1  2 -1
-1  2 -1 -1 -1  2 -1 -1 -1 -1  2 -1 -1 -1 -1  2 -1 -1 17  4  3  3  3  4 -1
-1  2 -1 -1 -1  2 -1 -1 -1 -1  2 -1 -1 -1 -1 -1 -1 -1  2 -1 -1 -1 -1  2 -1
-1  2 -1 17  3  4 -1 -1 -1 -1  2 -1 -1 17 -1 -1 -1 -1  2 -1 -1 -1 -1  2 -1
-1  2 -1 -1 -1  2 -1 -1 -1 -1  2 -1 -1  2  3  3 -1 -1  2 -1 -1 -1 -1  2 -1
-1  2 -1 -1 -1 -1 -1 -1 -1 -1  2 -1 -1  2 -1  2 -1  3  4  3  3 -1 -1  2 -1
-1  2  3  3 -1 17  3  3  3  3  4  3  3  4  3  3 -1 -1  2 -1 -1 -1 -1  2 -1
-1  2 -1 -1 -1 -1 -1  2 -1 -1 -1 -1 -1  2 -1 -1 -1 -1  2 -1 -1 -1 -1  2 -1
-1  2 -1 -1 17 -1 -1  2 -1 -1 17 -1 17  4  3  3 -1 -1  2 -1 17  3  3  4 -1
-1  2 -1 -1  2 -1 -1  2 -1 -1  2 -1 -1 -1 -1 -1 -1 -1 -1 -1 -1 -1 -1  2 -1
-1  2 -1 -1  2 -1 -1 -1 -1 -1  2 -1 -1 -1 -1 -1 -1 -1 -1 -1 -1 -1 -1  2 -1
-1  3  3  3  4  3  3  3  3  3  4  3  3  3  3  3  3  3  3  3  3  3  3  4 -1
-1 -1 -1 -1 -1 -1 -1 -1 -1 -1 -1 -1 -1 -1 -1 -1 -1 -1 -1 -1 -1 -1 -1 -1 -1
