-1 -1 -1 -1 -1 -1 -1 -1 -1 -1 -1 -1 -1 -1 -1 -1 -1 -1 -1 -1 -1 -1 -1 -1 -1
-1 -1  6  6  6  6  6  6  6  6  6  6  6  6  6  6  6  6  6  6  6  6  6  6 -1
-1  5 -1 -1  5 -1 -1 -1 -1  5 -1 -1 -1 -1 -1 -1  5 -1 -1  5 -1 -1 -1  5 -1
-1  5 -1 -1  5 -1 -1 -1 -1  5 -1 -1 -1 -1 -1 -1  5 -1 -1  5 -1 -1 -1  5 -1
-1  5 -1 -1  5 -1 -1 -1 -1  5 -1 -1 -1 -1 -1 -1  5 -1 -1  5 -1 -1 -1  5 -1
-1  5 -1 -1 -1 -1 -1 -1 -1  5 -1 17  6  6  6 -1  5 -1 -1  5 -1 -1 -1  5 -1
-1  5 -1 -1 17  6  6  6 -1  5 -1  5 -1 -1 -1 -1  5 -1 -1  5 -1 -1 -1  5 -1
-1  5 -1 -1  5 -1 -1 -1 -1  5 -1  5 -1 -1 -1 -1 -1 -1 -1  5 -1 -1 -1  5 -1
-1  5 -1 -1  5 -1 -1 17  6  7 -1  5 -1 -1 17  6  7  6  6  7 -1 -1 -1  5 -1
-1  5 -1 -1  5 -1 -1  5 -1 -1 -1  5 -1 -1 -1 -1 -1 -1 -1 -1 -1 -1 -1  5 -1
-1  5 -1 -1  5 -1 -1 -1 -1 -1 -1  5  6  6  6  6 -1  6  6  6  6  6  6  7 -1
-1  5  6  6  7  6  6  6  6  6 -1  5 -1 -1 -1 -1 -1 -1 -1 -1 -1 -1 -1  5 -1
-1  5 -1 -1  5 -1 -1  5 -1  5 -1 -1 -1 -1 -1 17  6  6  6  6  6  6 -1  5 -1
-1  5 -1 -1  5 -1 17  7 -1  5 -1 17 -1 17  6  7 -1 -1 -1 -1 -1  5 -1  5 -1
-1  5 -1 -1  5 -1 -1 -1 -1  5 -1  5 -1 -1 -1  5 -1 17  6  6 -1  5 -1  5 -1
-1  5 -1 -1  5 -1 -1 -1 -1 -1 -1  5 -1 -1 -1  5 -1 -1 -1  5 -1  5 -1  5 -1
-1  5  6 -1  5  6  6  6  6  6  6  7  6  6  6  7 -1 -1 -1  5 -1 -1 -1  5 -1
-1  5 -1 -1 -1  5 -1 -1 -1 -1  5 -1 -1 -1 -1  5 -1 -1 17  7  6  6  6  7 -1
-1  5 -1 -1 -1  5 -1 -1 -1 -1  5 -1 -1 -1 -1 -1 -1 -1  5 -1 -1 -1 -1  5 -1
-1  5 -1 17  6  7 -1 -1 -1 -1  5 -1 -1 17 -1 -1 -1 -1  5 -1 -1 -1 -1  5 -1
-1  5 -1 -1 -1  5 -1 -1 -1 -1  5 -1 -1  5  6  6 -1 -1  5 -1 -1 -1 -1  5 -1
-1  5 -1 -1 -1 -1 -1 -1 -1 -1  5 -1 -1  5 -1  5 -1  6  7  6  6 -1 -1  5 -1
-1  5  6  6 -1 17  6  6  6  6  7  6  6  7  6  6 -1 -1  5 -1 -1 -1 -1  5 -1
-1  5 -1 -1 -1 -1 -1  5 -1 -1 -1 -1 -1  5 -1 -1 -1 -1  5 -1 -1 -1 -1  5 -1
-1  5 -1 -1 17 -1 -1  5 -1 -1 17 -1 17  7  6  6 -1 -1  5 -1 17  6  6  7 -1
-1  5 -1 -1  5 -1 -1  5 -1 -1  5 -1 -1 -1 -1 -1 -1 -1 -1 -1 -1 -1 -1  5 -1
-1  5 -1 -1  5 -1 -1 -1 -1 -1  5 -1 -1 -1 -1 -1 -1 -1 -1 -1 -1 -1 -1  5 -1
-1  6  6  6  7  6  6  6  6  6  7  6  6  6  6  6  6  6  6  6  6  6  6  7 -1
-1 -1 -1 -1 -1 -1 -1 -1 -1 -1 -1 -1 -1 -1 -1 -1 -1 -1 -1 -1 -1 -1 -1 -1 -1
